0.684868194204
0.379664644035
0.319277771754
0.233824246933
0.173684894509
0.15964069026
0.131101649978
0.109850498312
0.100772787632
0.0894412707945
0.0848601751545
0.0794642510105
0.075856214423
0.0726373416689
0.0687635365843
0.06482258484
0.0613360482951
0.058126841694
17.5006083991
0.0519449383904
0.0499377481487
0.0489977632742
0.0474330262103
0.0449187275754
0.0442632381647
0.979855352201
0.0415255677921
0.0401615709444
0.0393970699647
0.0388498179189
0.0380613709158
0.0370654612456
0.0362301598288
0.0353787065514
0.0346119852531
0.0338169997586
0.0330249071704
0.032093413559
0.0314436788287
0.0307695870744
0.0301752046201
0.0296384022493
0.0290834449892
0.0287299997282
0.0285582870941
0.0280356617016
0.0276391762753
0.456342648219
0.358958545814
0.248970203309
0.179910595153
0.164153674835
0.133774400554
0.111067066101
0.102099537806
0.0902201561469
0.0855235960557
0.080008239789
0.0763282727444
0.0730513200655
0.0691142534334
0.0651156208367
0.0617912059721
0.0583706763482
0.0550095625563
0.0520815367171
0.0502179982917
0.049117322322
0.0475503397575
0.0450112425979
0.0443597506185
0.0429806565619
0.04160778828
0.0402249303993
0.0394673487882
0.0389104618465
0.0381248811867
0.0371200897806
0.036291336714
0.0354348145571
0.0346572022198
0.033854371886
0.033069298727
0.0321472691188
0.0314792288916
0.0307836162222
0.0302020354392
0.0296402692995
0.0291047301696
0.0287695391221
0.0285729636417
0.028043898404
0.0276696921183
0.586058822427
0.296903861173
0.194478950573
0.175915509431
0.139668878463
0.114501389517
0.104543386581
0.0920545868008
0.087083005712
0.081280268934
0.0776516054726
0.0740158704223
0.06992830376
0.06579577824
0.0623682335402
0.0588338562083
0.0554157570654
0.0524303683559
0.0505250985181
0.637075369724
0.0477990563915
0.0452358129584
0.0445699387119
0.0431789075211
0.0417909898428
0.0403739381056
0.0396184574883
0.0390556385033
0.0382602948183
0.0372262593962
0.0363920358079
0.0355389900092
0.0347492212487
0.0339540418881
0.0331486518079
0.0322151291834
0.0315530604444
0.03087415161
0.0302691724382
0.0297212578334
0.0291650326742
0.0288180113135
0.0286253006058
0.0281066315185
0.0277179059108
0.34266491336
0.205372446585
0.184157384631
0.143909880163
0.11692316638
0.10646660278
0.0932306946684
0.0880672266394
0.0820865721282
0.0781259158179
0.0746260885726
0.0704434116326
0.0662221563382
0.0627451570336
0.059133726203
0.055669988191
0.0526394481638
0.0507260484763
0.0495912806177
0.0479785327285
0.0453715808824
0.0447229874757
0.361205432397
0.0418913754522
0.0404632713177
0.0397134886438
0.0391369256442
0.0383416128681
0.0373229432309
0.036483056538
0.035602820226
0.0348192264615
0.0340169537582
0.0332197598428
0.0322655138169
0.0316071539714
0.0309173876355
0.0303091251464
0.0297661127892
0.0291992237427
0.0288646371249
0.0286659073469
0.0281444395098
0.0277567004347
0.25631867758
0.218595752094
0.158502107764
0.124355162314
0.111726087728
0.0969445162375
0.0911895379524
0.0845752187184
0.0802722318733
0.0764800419803
0.0720510366784
0.0675182301206
0.0638250630031
0.0600403581233
18.2409655509
0.0532806530697
0.0512987024133
0.0501150073837
0.0484562922024
0.0457776479111
0.0451046990428
0.0436357380499
0.042205336099
0.0407824416791
0.0399777925607
0.0394037417989
0.0385872603636
0.0375393817558
0.0366894684742
0.0358038503934
0.0350065835455
0.0341844229688
0.0333772812257
0.0324253741063
0.0317347328078
0.0310401478474
0.030430226119
0.0298805503279
0.0293151495318
0.0289659879204
0.0287596752835
0.0282432693586
0.0278394754487
0.415391166912
0.201030067184
0.141963757131
0.1241616292
0.104845546683
0.0976314369035
0.0896441560101
0.0847466465366
0.0804473462583
0.0752950913756
0.0700020706214
0.0658871436204
0.0617619216629
0.0578146148987
0.0544414118196
0.0523371799686
0.0510665540948
0.0493407312483
0.0465263639086
0.0458207012208
0.0442958554058
0.0427981727574
0.0413041053384
0.0404842295849
0.0398796622152
0.0390360682042
0.0379550669879
0.037061722647
0.0361631947249
0.035330184347
0.0344939801892
0.0336668288698
0.0326848717862
0.0319794956543
0.0312750148107
0.0306477443871
0.030076195324
0.0295174237489
0.0291569768592
0.028957046952
0.0284039087077
0.0280087291481
0.230130315297
0.150959614444
0.130029647501
0.108362878109
0.100447301993
0.0918601435013
0.0865665572382
1.04604709965
0.0765784338077
0.0709538947545
0.0667315124881
0.0624555469259
0.0583916795292
0.054939625055
0.0527650423689
0.0514856887255
0.0496919548474
0.0468176401988
0.0460974554469
0.0445494036724
4.51287784596
0.0415056923689
0.040671620227
0.0400544941468
0.0392077424848
0.0381149252317
0.0372236385417
0.0362871940454
0.0354630846869
0.0346139376588
0.0337754611239
0.0327901792808
0.0320869979529
0.0313698533854
0.030714759272
0.0301666421377
0.0295847835414
0.0292299269232
0.0290162755313
0.0284815504428
0.028069077013
0.200625231544
0.156387917972
0.123500776416
0.112226359417
0.10069152568
0.959061069796
0.0878103614114
0.0813889034889
0.0746882121383
0.0697841211681
0.0649069773679
0.060382546751
0.0565929998854
0.0542144728632
0.052848682643
0.0509071664416
0.0478261068675
0.0470554596537
0.0454159818137
0.0438087412757
0.0422002283737
0.0413350278483
0.0406946802656
0.0397994971468
0.0386647747605
0.0377304382633
0.0367662693918
0.0359049945261
0.0350241277239
0.0341685568208
0.0331327585319
0.0324182482739
0.0316633592899
0.0310035992466
0.0304255153289
0.0298369167874
0.029475191457
0.0292645515044
0.0286992493414
0.0282792432499
0.253383685511
0.156630841603
0.135934303595
0.116133614576
0.105957316616
0.0974456472759
0.088602376799
0.0805501867864
0.0745070684589
0.0686704936894
0.0633888782315
0.0943854504658
0.056351739863
0.0548049279502
0.0526648371148
0.0492889581057
0.0484402397394
0.0466521808414
0.219773047054
0.0432006537407
0.0422512065735
0.0415801565092
0.0406201815385
0.0394162505734
0.0384039702804
0.0374160957947
0.0364992447095
0.0355804599655
0.0346788111848
0.0336012723733
0.0328501604728
0.0320630484991
0.0313915908922
0.0307988030649
0.0301733331452
0.0297884525064
0.0295738311001
0.029012970269
0.0285668580541
0.201403990541
0.1606124051
0.890805096561
2.40874624459
0.105990286652
0.0949960005729
0.0848837550577
0.0778852548311
0.0713358412245
0.0654310878485
0.0606718397208
0.0577787906838
0.0561276690001
0.0538040972257
0.0502197636948
0.0493363937776
0.0474566703478
0.045623602786
0.0438139073651
0.0428639169639
0.0421405232439
0.0411306327067
0.0399024747155
0.0388696947548
0.0378304164687
0.0368883389954
0.0359371037465
0.03498992039
0.0339027373733
0.0331272612775
0.0323333538045
0.0316353026377
0.0310321620606
0.0303856722606
0.0300030097759
0.0297850671232
0.0291978032797
0.0287588665975
0.268510373422
0.173360122208
0.143334272178
0.124337482004
0.107443137982
0.0938384137227
0.0846045542961
0.0763964394933
0.0692402043994
0.0636630649966
0.0603450391156
0.0584584376624
0.0558648425731
0.051874653036
0.0508991372166
0.0488488277934
0.0468545224206
0.0449145008454
0.0438658811406
0.0431049308928
0.0420496299391
0.0407170321513
0.0396285416092
0.0385276048021
0.0375187038096
0.0365279079779
0.0355357887257
0.0343747006623
0.033586612209
0.0327547418479
0.0320368500094
0.0314097840239
0.030757973482
0.0303513948195
0.0301262743132
0.0295157346495
0.0290633323672
0.22630840225
0.169546875836
0.140379162719
0.117303905981
0.10023317014
0.089156313716
0.0797173314456
0.0716435332868
0.0655359039213
0.100579994309
0.0598941204263
0.129493998801
0.0528695399485
0.0518431859742
0.0496711637138
0.047590150896
0.0455534935488
0.0444671804711
0.0436839298513
0.042570284579
0.041183416274
0.0400784410033
0.0389248726866
0.0378936391607
0.0368545271933
0.0358675078685
0.0346719004091
0.0338801038425
0.0330137040182
0.0322634393947
0.0316217302125
0.0309557871287
0.0305432137598
0.0303045091937
0.0296965015804
0.0292354988205
0.255338470749
0.178719172721
0.136856420919
0.111798568022
0.0968526889242
0.0851863067614
0.0755141397754
0.0684313229808
0.064340440716
0.0620756273746
0.0590019681743
0.0543508413674
0.0532144237566
0.0508897080721
0.0486691625187
0.0464956755684
0.0453526023713
0.0444920303929
0.0433334908308
0.0418823605174
0.0407005717707
0.0395113317974
0.038420948883
0.0373640050467
0.0363072005653
0.0351044105427
0.0342429108679
0.0333569621881
0.0326040224607
0.0319405182849
0.0312332565985
0.0308304895131
0.0305902758274
0.029956832566
0.0294715267742
0.252912176187
0.163247784167
0.124720531426
0.104253908301
0.0904605041503
0.0788511932588
0.0708386332973
0.0663327746392
0.0640287231769
0.060671946182
0.0556642951032
0.0544723269919
0.0519555207334
0.335186660436
0.0472864476213
0.0460876095098
0.0451931106751
0.0439737629002
0.0424590183909
0.041213117457
0.0399962334438
0.0388930883035
0.0377760377645
0.0366752768303
0.0354424178546
0.0345423963457
0.0336555722391
0.0328704965034
0.0321956886081
0.031469932354
0.031058108583
