0.0308117553397
0.0301591607101
0.0296751458317
0.922121365595
0.143424266268
0.114827549752
0.0968939297436
0.0831371702382
0.0739503132577
0.0688723098783
0.0660967547272
0.0624269228247
0.0570108792329
0.0557252751236
0.0530436818942
0.0505429558096
0.048133068639
0.0468312161813
0.0459226243195
0.044642523543
0.0430445509315
0.0417899346935
0.0404892116833
0.0393350958474
0.0382017242944
0.0370698637852
0.0357790209545
0.0348761923615
0.0339469850071
0.0331613744015
0.0324485528697
0.0317253998181
0.0312925473887
0.0310378895228
0.030378823383
0.0298742548249
0.193625176202
0.136354681219
0.108888278428
0.0902145882398
0.0788043889628
0.0727554500252
0.069493180818
0.0652784218333
0.0591299063873
0.0576960341131
0.054742698571
0.0520059418109
18.4051460347
0.0479879298296
0.0470233615404
0.0456442400453
0.0439609008679
0.0425975540206
0.0412331814036
0.0400437983306
0.0388204229855
0.0376360391663
0.0362835789338
0.0353422552629
0.0343852505062
0.0335583233246
0.0328327711484
0.0320787060568
0.0316293438954
0.0313625289104
0.0306893651647
0.0301653208991
0.19114933879
0.131857321393
1.1227845261
0.0861619265595
0.0783826872175
0.0744216384814
0.0692414387524
0.0620758718776
0.0604212638512
0.931630565178
0.0539603373967
0.051050773716
0.0495381603613
0.0484559452587
0.0469583869278
0.32541272786
0.043665136986
0.0421945114985
0.0409113396584
0.0395915781069
0.0383891080195
0.0369395066613
0.0359434679161
0.0349370020066
0.0340655303891
0.0333099178173
0.0325279474471
0.0320470411883
0.0317903219855
0.0310770376806
0.0305371140332
0.1818341856
0.120594716228
0.096702899675
0.0863011909114
0.0808619337638
0.0743889784406
0.0656626368594
0.0637310206469
0.0597672552438
0.0562843951275
0.0530097806199
0.0513094458557
0.050096618015
0.0484549700723
0.0464468213537
0.0448551021309
0.0432512440761
0.0418646781152
0.0404882526854
0.0391792440364
0.0376557178962
0.0365887851086
0.035532441534
0.0346221223751
0.0338335413491
0.0330141807274
0.0325130482111
0.0322420915566
0.0314930224821
0.0309486380029
0.16115033099
0.114004840955
0.0977515795086
0.0902436820449
0.0814522906524
0.0703825904515
0.067997119818
0.0632906664106
0.0591701893212
0.0553671541527
0.0534693345562
0.0520830334801
0.0502714579707
0.0480083209565
0.0462942644149
0.044560179531
0.0430378404154
0.0415388255621
0.0401291464919
0.0384876507778
0.0373722125101
0.0362281463046
0.0352641480781
0.0344271264734
0.033572470055
0.0330602523912
0.0327571478116
0.0319834569068
0.031403584139
0.161417965215
0.122741889532
0.109097680821
0.0945575492494
0.0782881837248
0.0750131298422
0.0688670687914
0.0636358922316
0.0589985028864
0.056666684121
0.0550848281022
0.052915934546
0.0503283093831
0.0483088224981
0.0463656755741
0.0446464011195
0.0429793542804
0.0414142312295
0.0396215581733
0.0384182255879
0.0371758581283
0.0361544323374
0.0352465870786
0.0343266708596
0.033775825435
0.0334602633427
0.0326337184322
0.0320230950327
0.188956682384
0.147713925352
0.116489631295
0.089400901482
0.0846914463536
0.0761322612897
0.0691596699786
0.0633508801449
0.0605028700642
0.0585697678055
0.0559608138912
0.052942175738
0.0506330424239
0.0484000933873
0.0464553529702
0.0446130311541
0.0428536149612
0.0408875123831
0.039557229739
0.038209938543
0.0370823591366
0.0361279193748
0.0351304840993
0.0345382475615
0.0342004908917
0.0333262307804
0.0326692198916
0.237872557206
0.148060627262
0.101600962793
0.0947205461594
0.0830800464919
0.0742614145838
0.0672137054428
0.0638771758537
0.0615972705609
0.0586095967688
0.0551504533958
1.52416816487
0.0500887835506
0.0479513192945
1.1131812574
0.0439888645098
0.0418778587484
0.0404546738163
0.0390248325208
0.0378206066408
0.0367934112687
0.0357538697415
0.0351289472641
0.0347741071647
0.0338543243999
0.0331647578332
0.188871588556
0.111981640977
0.103141188233
18.4771767089
0.0780255044389
0.070102576095
0.0663203743092
0.063801427029
0.450080316417
0.0567169806126
0.0539019087545
0.0512262736161
0.0489638944248
0.0468064140526
0.0447914598224
0.0425470964399
0.0410554665919
0.0395561790891
0.0383170721285
0.0372429631367
0.0361637242842
0.0355161650805
0.0351507325581
0.0341965494265
0.0334900706383
0.140039429543
0.12360674399
0.100488370619
0.0859859951155
0.0754765977862
0.0708320735421
0.0677652930313
0.0638543407983
0.0594808104301
0.0562532241798
0.0532250651644
0.0507047817464
16.6556946319
0.0461030467721
0.0436422782688
0.0420542773991
0.0404360543611
0.0391314579841
0.0379948546272
0.0368496807721
0.0361728421781
0.0357878701208
0.0347852485534
0.034039755934
0.26488229775
1.01880048023
0.109088111253
0.0897441000347
0.0822112636065
0.0775095131845
0.0718121069584
0.0657335297982
0.0614424871085
0.0575750761389
0.0544210312357
0.0514769463001
0.0488572112424
0.0459812301045
0.0441093436686
0.0422671289128
0.0407667198274
0.039471286046
0.038193578076
0.0374481036029
0.0370107947699
0.035893704394
0.0350967952861
0.173363961971
0.120014077531
0.418660141212
0.204932820753
0.0811090075298
0.117740767549
0.0678525704883
0.0632010285147
0.058977387915
0.0556201194556
0.0524940575444
0.0497129211722
0.0466903853008
0.0447329897114
0.0428288163191
0.0412456637701
0.0399284940031
0.0386055460949
0.0378242405968
0.037369651109
0.0362507852958
0.0354030232004
0.166029986617
0.114365919508
0.0999075568541
2.35864285703
0.082701842825
0.0737924540392
0.0678867564487
0.0627604179543
0.0587270096883
0.0550919548219
0.0518679350011
0.0484767892016
0.0463076213503
0.0441714439513
0.0424678063401
0.0410339751596
0.0396013150168
0.0387550089712
0.0382665341801
0.037055866823
0.0361749408531
0.158569704316
0.1253062424
0.110292323769
0.0955332203809
0.0824072867508
0.074409664486
0.0678069213917
0.0628117626999
0.0584112609955
0.0546439093186
0.0506746600706
0.0482247024155
0.0458428019979
0.0439377238093
0.0423449498145
0.040752559217
0.0398574294398
0.0393374727911
0.0380316728791
0.0370643523982
0.205970260479
0.154281575584
0.119782685274
0.435498534537
0.0843146369425
0.317307724345
17.6954483343
0.062831484816
0.058209886416
0.05349695517
0.0506150146106
0.0478993464401
0.0457040781639
0.043939878774
0.0422073499439
0.0411846217446
0.0406103106901
0.0391721588588
0.0381217653317
0.233110022439
0.147976432984
0.109396618921
0.0924708732109
0.35300424567
0.0725493459401
0.0659860779855
0.060679892622
0.0554190163798
0.0522322718402
0.0492518889208
0.0469120667315
0.0449819972156
0.0431289451546
0.0420407891987
0.0414255453379
0.0398987259713
0.0387803492908
0.190810984696
0.123980672079
0.100729796413
0.0859105754994
0.0763638489574
0.0687973363631
0.0628632545624
17.2811231204
0.0535713529189
0.05039875878
0.0478880872262
0.0458460564466
0.0438745428346
0.0427228629853
0.0420963028103
0.0405018735521
0.0393353722247
0.16325997276
0.118834864104
0.0962495441152
0.083357262072
0.0738025234566
0.0665818865812
0.0598112189814
0.0558512490794
0.0522529600789
0.0494636017107
0.0472361635893
0.0450871325549
0.0438591671707
0.0431545947376
0.0414533820335
0.040205525461
0.173218131891
0.119260151341
0.0969893041317
0.0827548603007
0.0729357395939
0.98176181892
0.0594382115182
0.0551466778778
0.0519176542956
0.04935599138
0.0468961715195
0.0455249430075
0.0447618345558
0.0428688881644
0.0414677142479
0.164449668929
0.117216381241
0.154580891451
0.0804458087988
0.0692207449426
0.0632925726571
0.0582015097722
0.0544446930221
0.0514958895211
0.0487017990235
0.0471954021197
0.0463268363807
0.0442289623395
0.0427330457326
0.166861976896
0.114914748211
0.0921657047915
0.0763164965331
0.0685648211428
0.0622244253526
0.0576609546499
0.0542298284216
0.0510328598072
0.0492639184821
0.048305777126
0.0459155933035
0.0442475801289
0.158988313716
0.110747659328
0.0859666311803
0.0752783270962
0.0671096466097
0.0615059603747
0.057359102874
0.0536062625852
0.051586235304
0.0504655680493
0.0477875691615
0.809358948168
0.154673518344
0.10211733204
0.0854346561234
0.074039630085
0.0666996952711
0.061506934324
0.0569619547653
0.0545396074687
0.0532633460358
0.0501067713274
0.0479602360932
0.135711123953
0.102588616949
0.0843356004507
0.073937835123
0.0670271474206
0.0612684999376
0.0582850948528
0.056692560104
0.0529660147879
0.159850385479
0.156560915437
0.107517988491
20.4950920437
0.0770301191999
0.0686153837713
0.0645011176521
0.0623596747468
0.0574899851265
0.0543123778111
0.148297634584
0.106629155455
0.582714651685
16.5920328546
17.3320843613
0.0680460427559
0.0618326807268
0.326083159205
0.153772215662
0.110485431303
0.0891498759416
0.0806093802178
0.0765989859696
0.0680349927025
0.0629154475037
0.1592856567
0.109592927288
0.0947642214277
0.0883514799481
0.0758601372943
0.0689754496023
0.151057494942
0.118104864665
0.106339293225
0.0863223568667
0.238478185617
0.189794515615
0.149626886594
0.105429786523
0.0887935395817
0.244043097414
0.126684117941
0.100619979862
0.148076339685
0.110442889345
0.165447063001
