times
439816.183008
439874.180891
439935.120409
440024.394159
440095.618888
440145.066505
440183.195527
440232.024968
440265.745636
440288.610652
440351.522893
440429.546209
440454.379633
440479.323031
440502.110025
440528.306463
440553.263205
440574.088211
440594.866284
440621.527647
440644.741553
440680.560347
440710.179555
440731.255929
440769.201298
440804.737248
440839.348013
440860.666676
440886.441487
440961.449227
441038.143395
441065.568004
441083.483801
441102.530056
441125.2055
441147.000567
441175.862525
441197.399266
441219.146344
441237.323186
441255.949836
441271.353002
441289.975965
441314.554219
441356.127786
441388.599122
441413.736516
441431.980556
