72571012.3979
75937212.759
78580331.2406
1402109.49468
3166574.59922
4979953.44418
7035000.99302
9599697.4092
12154391.5311
14062963.1997
15386624.0527
17518619.9636
21337174.7393
22448050.5038
24959471.2418
27699733.2043
30741287.4067
32522679.2297
33759623.4763
35671213.1759
38212222.4919
40467128.7386
42927267.0801
45330148.6925
47968017.4596
50765101.9901
54337077.6822
57053788.5488
60115537.125
62908224.3814
65552798.4901
68478441.0392
70315528.8225
71562441.5172
74928638.7796
77571755.0474
1764456.67969
3577837.49941
5632877.31513
8197574.3153
10752267.6727
12660837.5099
13984493.6991
16116477.457
19935015.6654
21045884.1555
23557291.068
26297541.8768
29339082.2727
31120468.2411
32357417.3178
34269009.5741
36810025.4954
39064936.7492
41525081.2282
43927967.4972
46565841.4828
49362930.5633
52934912.4845
55651626.4868
58713378.3437
61506068.6113
64150644.8885
67076288.829
68913377.9382
70160288.5396
73526481.1145
76169594.1949
1813378.43
3868406.73673
6433114.26641
8987807.56328
10896376.3613
12220026.7886
14351997.7875
18170516.0767
19281375.6602
21792764.7094
24533000.0176
27574522.2473
29355901.0858
30592855.4203
32504450.6662
35045475.2204
37300392.2938
39760543.8645
42163436.2256
44801316.6372
47598411.0189
51170400.9561
53887119.2954
56948875.9812
59741570.52
62386150.0066
65311796.8437
67148888.3812
68395797.482
71761987.3004
74405098.8734
2055021.93491
4619740.24597
7174438.20645
9083008.45191
10406636.1953
12538613.4771
16357082.9933
17467931.765
19979300.1466
22719518.6992
25761021.5777
27542392.6039
28779353.7458
30690953.1023
33231988.2695
35486912.3629
37947072.7879
40349972.6725
42987860.3748
45784960.92
49356959.9462
52073683.2773
55135445.5005
57928144.9416
60572728.4881
63498378.442
65335472.9377
66582380.5538
69948567.4302
72591677.3903
2564704.50502
5119399.09922
7027967.69904
8351612.66778
10483555.3902
14302027.036
15412865.7538
17924213.3264
20664414.8838
23705898.2645
25487262.549
26724230.4982
28635834.3876
31176880.149
33431811.4583
35891980.5168
38294887.9417
40932782.6128
43729888.9026
47301896.4524
50018624.4146
53080392.0903
55873095.9792
58517683.1118
61443336.5041
63280433.5622
64527340.7616
67893527.2006
70536637.1632
2554695.5507
4463266.94985
5786888.83396
7918808.95052
11737221.9511
12848041.5029
15359353.9494
18099529.1936
21140983.8073
22922339.2604
24159321.7233
26070936.5256
28612004.4184
30866950.4257
33327135.5834
35730056.7214
38367964.9732
41165082.5577
44737105.3579
47453841.8233
50515619.2491
53308330.9274
55952924.1355
58878582.8351
60715684.3147
61962589.8908
65328773.1548
67971881.1657
1908564.68922
3232153.93953
5364006.56146
9182375.63681
10293172.1618
12804446.9723
15544599.1969
18586026.5855
20367374.9424
21604377.9501
23516009.2046
26057106.8772
28312072.1045
30772278.551
33175217.5103
35813141.8643
38610272.7308
42182313.9769
44899060.2921
47960848.7829
50753569.7951
53398170.3203
56323835.4636
58160942.2183
59407846.3847
62774027.3274
65417134.7877
1323508.13094
3455305.26521
7273676.3705
8384457.79841
10895710.2228
13635852.1073
16677265.6549
18458613.1977
19695635.4129
21607282.8267
24148406.4155
26403388.0585
28863611.3901
31266563.4422
33904500.4203
36701641.4134
40273695.309
42990448.4606
46052245.096
48844971.8395
51489576.6675
54415245.6384
56252355.1901
57499258.5606
60865437.3782
63508543.8071
2131793.88853
5950170.77141
7060953.30764
9572210.36949
12312333.6137
15353745.7485
17135093.1686
18372115.3946
20283761.9455
22824882.5771
25079861.1711
27540080.9768
29943030.0136
32580961.4574
35378097.1882
38950144.0431
41666892.8005
44728683.6589
47521405.337
50166006.6902
53091671.9528
54928778.3429
56175684.0443
59541867.0685
62184975.1518
3818359.9795
4929142.74665
7440390.0475
10180527.3578
13221936.2299
15003284.483
16240305.3488
18151949.6663
20693064.6485
22948037.0652
25408248.8369
27811191.4872
30449113.3898
33246239.6689
36818273.8289
39535015.1019
42596796.8274
45389510.108
48034105.075
50959764.6164
52796865.6546
54043775.9161
57409966.805
60053078.2586
1110773.77998
3622011.26217
6362147.11524
9403551.06076
11184901.9905
12421931.9177
14333580.2528
16874695.0556
19129661.1308
21589862.476
23992795.3895
26630703.234
29427814.9384
32999828.3953
35716556.9528
38778323.3547
41571022.2036
44215605.5375
47141253.9673
48978344.6263
50225261.4425
53591460.9785
56234573.8933
2511236.53047
5251369.90964
8292773.97514
10074125.4091
11311150.8957
13222794.0906
15763898.8834
18018856.4723
20479047.7838
22881972.599
25519870.96
28316974.0789
31888975.6747
34605697.503
37667456.0215
40460147.6944
43104725.4777
46030368.9204
47867454.7282
49114374.8978
52480579.5059
55123693.9235
2740134.48964
5781534.91138
7562885.6537
8799901.99176
10711533.2751
13252614.539
15507551.9218
17967719.9998
20370626.0699
23008502.594
25805586.0668
29377560.7647
32094267.3808
35156007.2332
37948682.7734
40593248.0454
43518879.713
45355954.3476
46602881.8379
49969096.9532
52612213.741
3041402.55764
4822751.62118
6059762.71275
7971381.19765
10512434.8656
12767350.074
15227494.2515
17630380.7984
20268234.269
23065297.8938
26637245.1914
29353936.7391
32415657.3301
35208316.3692
37852869.3106
40778489.0592
42615551.7971
43862487.4382
47228713.9999
49871833.1776
1781339.8511
3018311.44239
4929898.43231
7470898.34254
9725779.96543
12185889.2294
14588750.5207
17226575.5659
20023616.5476
23595530.4669
26312205.7175
29373905.0041
32166545.148
34811084.5273
37736691.9904
39573740.6672
40820689.5741
44186936.1721
46830061.6215
1236903.40394
3148489.41502
5689460.80681
7944332.03549
10404426.2181
12807277.6483
15445092.0991
18242125.7478
21814024.5407
24530693.911
27592384.3301
30385016.0831
33029549.2558
35955151.9399
37792193.6589
39039150.6997
42405410.1675
45048539.7438
1911577.95723
4452550.75971
6707423.34307
9167517.84899
11570366.9847
14208181.4653
17005215.1174
20577111.8081
23293779.6292
26355467.6974
29148097.2176
31792627.7776
34718227.6453
36555266.6058
37802222.16
41168476.4306
43811600.6742
2540962.65313
4795835.33374
7255925.50825
9658770.45805
12296581.9716
15093613.592
18665503.6814
21382168.7
24443852.1798
27236477.1739
29881003.839
32806600.0443
34643634.1941
35890592.2626
39256847.5612
41899969.0776
2254868.43065
4714957.29958
7117801.21443
9755612.71539
12552643.271
16124530.5759
18841194.0566
21902875.364
24695497.8496
27340021.6819
30265614.8243
32102645.2075
33349603.9673
36715855.116
39358970.3381
2460083.97571
4862922.77375
7500736.40388
10297767.7759
13869650.5607
16586312.2016
19647990.0447
22440608.9038
25085128.8432
28010718.3143
29847744.0243
31094702.7851
34460949.0262
37104057.0266
2402833.37681
5040649.11964
7837680.09198
11409561.5877
14126222.1085
17187896.8466
19980513.3879
22625031.2537
25550617.7701
27387639.9355
28634597.8892
32000837.411
34643937.5088
2637804.98979
5434832.04948
9006716.98388
11723378.8646
14785051.5568
17577668.0395
20222187.2123
23147773.5793
24984794.427
26231754.4785
29597993.9976
32241090.4033
2797026.5458
6368922.53257
9085569.33612
12147239.7267
14939853.4144
17584368.3629
20509950.8145
22346966.8741
23593924.1788
26960150.6077
29603233.7026
3571878.77741
6288532.25229
9350200.01709
12142809.6936
14787318.9593
17712896.8748
19549906.6138
20796861.0185
24163072.0939
26806139.6356
2716657.66271
5778321.82136
8570931.86252
11215440.2486
14141015.0354
15978021.2758
17224969.6583
20591157.5657
23234204.7327
3061657.47387
5854268.58285
8498776.21738
11424349.4283
13261351.7134
14508298.0472
17874470.3677
20517502.0415
2792606.2467
5437106.66909
8362677.55989
10199675.9138
11446615.6042
14812755.739
17455763.7675
2644495.70549
5570065.58715
7407061.46448
8653990.23691
12020091.8347
14663074.6822
2925567.09203
4762561.95493
6009482.63702
9375547.4937
12018509.2839
1836986.82307
3083899.79017
6449899.50495
9092837.0666
1246808.11732
4612768.22572
7255705.74754
3365954.55858
6008888.58067
2642930.85157
