72560472.0424
75925876.1403
78570017.077
1403244.80647
3165556.43155
4980968.6775
7033834.87445
9596723.38373
12150262.3279
14058127.2042
15378189.5317
17506069.2104
21321353.9465
22433836.3626
24948862.5397
27691106.7408
30730852.03
32513667.0757
33751076.5976
35664238.3084
38202870.7008
40455921.2568
42913761.3202
45317276.1211
47955074.7509
50750496.0695
54325008.7434
57042860.1925
60104432.5589
62905140.7298
65544509.1589
68469364.2125
70305892.8928
71554207.9014
74919609.8214
77563749.4984
1762302.66586
3577715.95539
5630574.17577
8193462.92487
10747001.2626
12654864.5848
13974922.8923
16102791.6124
19918059.8084
21030534.5423
23545547.4613
26287781.1423
29327513.0266
31110322.5391
32347736.3016
34260900.6748
36799538.615
39052593.8346
41510440.2136
43913959.7957
46551763.2024
49347189.1188
52921707.7451
55639562.5515
58701138.3029
61501849.2667
64141220.1615
67066076.6493
68902606.4863
70150919.6333
73516316.9925
76160453.8949
1815411.4919
3868259.57621
6431158.91124
8984697.15654
10892560.2228
12212615.0311
14340473.3258
18155722.6244
19268188.1516
21783184.4724
24525403.6097
27565118.5671
29347921.5689
30585339.8085
32498507.5414
35037152.3588
37290212.812
39748066.4358
42151591.9273
44789401.1914
47584832.1184
51159358.0233
53877217.2438
56938798.0254
59739512.7086
62378886.8468
65303746.2644
67140278.4511
68388590.3054
71753984.8222
74398120.1578
2052840.10745
4615742.79614
7169281.82415
9077144.25253
10397192.3011
12525033.1586
16340256.1457
17452709.8388
19967685.3228
22709887.4643
25749583.1445
27532378.663
28769803.0002
30682975.2563
33221628.9704
35474696.2956
37932559.1066
40336092.3083
42973908.6103
45769345.7878
49343880.708
52061745.3075
55123332.1276
57924051.585
60563430.1136
63488293.0005
65324828.2172
66573138.8446
69938530.2641
72582664.2684
2562895.24633
5116435.46633
7024298.75719
8344348.63907
10472178.3992
14287375.5622
15399817.2413
17914771.0358
20656955.6589
23696631.1063
25479419.9504
26716850.87
28630028.5309
31168691.5389
33421766.1282
35879638.7875
38283180.0075
40921003.3782
43716446.6495
47290990.2895
50008860.4725
53070453.1907
55871177.2468
58510560.0788
61435426.9457
63271965.2003
64520275.1169
67885666.005
70529799.8178
2553539.46421
4461407.79527
5781437.15236
7909246.76379
11724384.4709
12836805.2457
15351725.8284
18093884.8041
21133532.8368
22916313.3891
24153757.2533
26066946.4886
28605628.4407
30858716.8188
33316605.806
35720160.5669
38357996.854
41153450.7623
44728008.7257
47445887.8407
50507490.6066
53308221.9532
55947611.1141
58872483.6877
60709026.3406
61957334.9066
65322722.5839
67966854.917
1907859.44513
3227853.61121
5355588.86025
9170669.17935
10283061.0397
12797941.8472
15540076.1003
18579695.607
20362469.9591
21599934.3501
23513142.6261
26051852.7488
28304961.6582
30762875.0172
33166449.4038
35804303.1247
38599771.7644
42174349.8365
44892241.2281
47953856.8469
50754598.3566
53393996.5848
56318877.3066
58155426.2114
59403733.3331
62769118.3492
65413250.0794
1319906.18956
3447588.6673
7262655.63302
8375028.59114
10889888.6819
13632013.8898
16671620.316
18454394.8296
19691878.4487
21605105.1448
24143840.0068
26396966.1355
28854898.2697
31258487.3921
33896354.3098
36691833.8782
40266425.4101
42984324.9674
46045949.609
48846697.3058
51486100.747
54410986.1831
56247538.6151
57495844.7577
60861227.6029
63505358.4015
2127671.51016
5942749.72493
7055124.93619
9569989.13132
12312095.0073
15351699.6024
17134474.2788
18371958.2907
20285184.4068
22823916.7474
25077040.0441
27534968.997
29938555.1437
32576416.7589
35371891.0149
38946476.0001
41664370.8883
44725989.6788
47526732.5659
50166132.1424
53091013.6944
54927562.7732
56175871.0734
59541257.875
62185390.1709
3815060.44959
4927433.51364
7442287.79474
10184410.0576
13224011.3718
15006786.7856
16244270.335
18157494.9256
20696222.2246
22949339.9939
25407261.3531
27810840.7497
30448693.2961
33244157.898
36818730.7892
39536617.4578
42598226.4122
45398961.2483
48038353.6414
50963228.7975
52799771.9873
54048084.5171
57413478.9539
60057613.7117
1112361.09502
3627211.38598
6369332.13903
9408929.37379
11191706.9844
12429196.7845
14342423.8162
16881148.2528
19134258.7852
21592167.1476
23995735.0371
26633572.4601
29429020.6623
33003572.2029
35721443.9235
38783035.0114
41583755.3556
44223134.3998
47147996.955
48984528.8931
50232847.9185
53598253.1614
56242390.4741
2514848.99981
5256967.14001
8296564.95146
10079341.8876
11316825.4325
13230045.2265
15768758.2113
18021858.7391
20479754.9183
22883313.3155
25521140.0718
28316578.3924
31891117.085
34608980.5862
37670562.3257
40471275.1058
43110647.4384
46035503.8909
47872030.272
49120352.6663
52485763.6358
55129902.7833
2742112.24279
5781711.51936
7564488.22245
8801963.41999
10715171.5574
13253864.3356
15506946.8587
17964819.4955
20368359.2463
23006165.8284
25801585.0957
29376098.9828
32093946.1052
35155508.778
37956206.8803
40595565.6891
43520409.5075
45356924.4898
46605254.058
49970676.6295
52614818.7748
3039596.02371
4822372.80046
6059843.70717
7973038.27485
10511706.5712
12764768.407
15222616.1604
17626135.9012
20263920.3592
23059320.8118
26633808.5854
29351638.6826
32413181.1324
35213863.6997
37853208.3655
40778038.4117
42614540.5875
43862877.7228
47228311.831
49872456.4415
1782769.24665
3020202.28709
4933362.10746
7471985.38894
9725015.26495
12182824.6536
14586318.8027
17224076.0632
20019454.4665
23593910.8743
26311721.7386
29373241.513
32173907.0918
34813235.8373
37738051.5259
39574538.9759
40822888.7867
44188344.0493
46832495.5841
1237375.49393
3150529.38376
5689132.54619
7942151.64639
10399944.0502
12803427.7305
15441174.9363
18236545.3804
21810988.0111
24528791.1867
27590301.2627
30390959.3631
33030280.7261
35955090.3985
37791570.4502
39039927.8998
42405396.3246
45049551.9398
1913148.62032
4451751.63908
6704771.34254
9162564.30526
11566045.9988
14203792.8186
16999163.4481
20573603.7119
23291405.1764
26352913.0052
29153568.8868
31792887.4667
34717693.87
36554170.9986
37802527.5631
41167991.8677
43812143.0597
2538598.58647
4791617.48468
7249405.63003
9652883.44224
12290628.0877
15085997.1104
18660431.83
21378230.0474
24439733.7331
27240385.9867
29879700.1044
32804502.2825
34640974.6351
35889333.5355
39254799.0815
41898947.7665
2253016.13812
4710800.03863
7114276.25254
9752020.28392
12547388.3425
16121818.9662
18839614.5861
21901114.9428
24701764.1882
27341074.2461
30265872.1236
32102339.7144
33350700.2132
36716164.0577
39360308.0208
2457776.96094
4861249.15422
7498995.652
10294363.9785
13868790.5705
16586583.8367
19648080.4313
22448726.6207
25088032.4495
28012826.0866
29849288.6915
31097650.0105
34463111.0908
37107249.2719
2403466.85318
5041214.63742
7836583.43139
11411009.6264
14128801.4735
17190295.0385
19990939.2704
22630242.9277
25555033.0441
27391492.0145
28639852.2084
32005306.3692
34649436.686
2637737.1078
5433104.06732
9007552.52384
11725326.3076
14786818.2718
17587462.5087
20226766.5188
23151555.8326
24988012.9412
26236375.0433
29601828.1002
32245954.8123
2795365.26495
6369803.13616
9087583.27433
12149073.1175
14949714.7818
17589014.0105
20513798.5894
22350250.4492
23598610.7913
26964052.9104
29608167.4938
3574420.70097
6292205.69876
9353692.15411
12154329.9472
14793622.6843
17718400.4092
19554845.0702
20803202.8218
24168629.9891
26812729.3672
2717787.28332
5779269.39566
8579907.5073
11219199.5226
14143973.4102
15980413.6465
17228767.9902
20594176.0126
23238257.6528
3061477.07423
5862116.86897
8501407.44791
11426178.637
13262614.7381
14510966.4737
17876357.3182
20520423.0195
2800635.08733
5439917.73882
8364684.66863
10201116.7514
11449460.7145
14814818.2001
17458859.1424
2639277.66014
5564042.49736
7400470.65224
8648807.71523
12014131.2925
14658149.1236
2924761.72122
4761188.29788
6009516.67768
9374800.523
12018797.6411
1836419.63632
3084737.06646
6449959.31007
9093933.50966
1248219.37175
4613388.62321
7257377.37184
3365166.8437
6009151.86076
2643967.47214
